1014
1016
1016
1018
1020
1020
1020
1020
1022
1022
1022
1024
1024
1026
1026
1026
1028
1030
1030
1030
1030
1030
1030
1030
1032
1032
1032
1032
1032
1032
1032
1032
1032
1032
1032
1034
1034
1034
1034
1034
1036
1036
1036
1036
1036
1036
1036
1036
1036
1036
1038
1038
1038
1038
1038
1038
1040
1040
1040
1040
1042
1042
1042
1042
1042
1042
1042
1042
1044
1044
1044
1044
1044
1044
1044
1046
1046
1046
1046
1046
1046
1046
1048
1048
1048
1048
1050
1050
1050
1052
1052
1052
1052
1052
1054
1054
1054
1056
1056
1062

